pravidla
[
	[1, 1, 1, 1, 1, 1, 1, 1, 1, 1, 1, 1, 1, 1, 1]
	[1, 0, 0, 0, 0, 0, 0, 0, 0, 0, 0, 0, 0, 0, 1]
	[1, 0, 0, 0, 0, 0, 0, 0, 0, 0, 0, 0, 0, 0, 1]
	[1, 0, 0, 0, 0, 0, 0, 0, 0, 0, 0, 0, 0, 0, 1]
	[2, 0, 0, 0, 0, 0, 0, 1, 0, 0, 0, 0, 0, 0, 2]
	[1, 0, 0, 0, 0, 0, 0, 0, 0, 0, 0, 0, 0, 0, 1]
	[1, 0, 0, 0, 0, 0, 0, 0, 0, 0, 0, 0, 0, 0, 1]
	[1, 0, 0, 0, 0, 0, 0, 0, 0, 0, 0, 0, 0, 0, 1]
	[1, 1, 1, 1, 1, 1, 1, 1, 1, 1, 1, 1, 1, 1, 1]
]

mistnost 1 - kuchyně
[
	[1, 1, 1, 1, 1, 1, 1, 1, 1, 1, 1, 1, 1, 1, 1]
	[1, 1, 0, 0, 1, 0, 0, 0, 0, 1, 1, 1, 1, 1, 1]
	[1, 1, 0, 0, 1, 0, 0, 0, 0, 0, 1, 1, 1, 0, 2]
	[1, 1, 0, 1, 1, 0, 0, 0, 0, 0, 0, 0, 0, 0, 1]
	[2, 0, 0, 0, 0, 0, 0, 0, 1, 0, 0, 0, 0, 0, 1]
	[1, 0, 0, 0, 0, 0, 0, 0, 1, 0, 0, 0, 0, 0, 1]
	[1, 0, 0, 0, 0, 0, 1, 1, 1, 1, 0, 0, 0, 0, 1]
	[1, 1, 1, 1, 1, 1, 1, 1, 1, 1, 0, 0, 0, 0, 1]
	[1, 1, 1, 1, 1, 1, 1, 1, 1, 1, 1, 1, 1, 1, 1]
]

mistnost 2 - zeměpis
[
	[1, 1, 1, 1, 1, 1, 1, 1, 1, 1, 1, 1, 1, 1, 1]
	bude doplněno
	[1, 1, 1, 1, 1, 1, 1, 1, 1, 1, 1, 1, 1, 1, 1]
]

mistnost 3 - knihovna
[
	[1, 1, 1, 1, 1, 1, 1, 1, 1, 1, 1, 1, 1, 1, 1]
	[1, 1, 1, 0, 0, 1, 1, 1, 1, 0, 0, 1, 2, 1, 1]
	[1, 0, 0, 0, 0, 1, 1, 0, 0, 0, 0, 1, 0, 0, 1]
	[1, 0, 0, 1, 1, 1, 1, 0, 0, 1, 1, 1, 0, 0, 1]
	[1, 0, 0, 1, 1, 0, 0, 0, 0, 1, 0, 0, 0, 0, 1]
	[1, 0, 0, 0, 0, 0, 0, 1, 1, 1, 0, 0, 0, 0, 1]
	[2, 0, 0, 0, 0, 0, 0, 1, 1, 0, 0, 1, 0, 0, 1]
	[1, 0, 0, 1, 1, 0, 0, 0, 0, 0, 0, 1, 0, 0, 1]
	[1, 1, 1, 1, 1, 1, 1, 1, 1, 1, 1, 1, 1, 1, 1]
]

mistnost 4 - telocvična
[
	[1, 1, 1, 1, 1, 1, 1, 1, 1, 1, 1, 1, 1, 1, 1]
	[1, 0, 0, 0, 0, 0, 0, 0, 0, 0, 0, 0, 0, 0, 1]
	[2, 0, 0, 0, 0, 0, 0, 0, 1, 1, 1, 1, 1, 1, 1]
	[1, 1, 1, 0, 0, 1, 0, 0, 1, 1, 1, 1, 1, 1, 1]
	[1, 0, 0, 0, 0, 1, 0, 0, 0, 0, 1, 1, 0, 0, 1]
	[1, 0, 0, 0, 0, 0, 0, 1, 0, 0, 0, 0, 0, 0, 1]
	[1, 0, 0, 0, 0, 0, 0, 1, 0, 0, 1, 0, 0, 0, 1]
	[1, 1, 1, 0, 0, 0, 0, 0, 0, 0, 1, 1, 2, 1, 1]
	[1, 1, 1, 1, 1, 1, 1, 1, 1, 1, 1, 1, 1, 1, 1]
]

mistnost 5 - alchymysta
[
	[1, 1, 1, 1, 1, 1, 1, 1, 1, 1, 1, 1, 1, 1, 1]
	[1, 0, 0, 0, 1, 1, 0, 0, 0, 0, 0, 0, 1, 1, 1]
	[1, 0, 0, 0, 0, 0, 0, 0, 0, 0, 0, 0, 0, 0, 2]
	[2, 0, 1, 1, 1, 1, 0, 1, 0, 0, 0, 0, 0, 0, 1]
	[1, 0, 1, 1, 0, 1, 1, 1, 0, 0, 1, 1, 1, 0, 1]
	[1, 1, 1, 0, 0, 0, 0, 0, 0, 0, 1, 0, 1, 0, 1]
	[1, 0, 0, 0, 0, 0, 0, 0, 0, 0, 0, 0, 1, 1, 1]
	[1, 0, 0, 0, 0, 1, 1, 0, 0, 0, 0, 0, 0, 0, 1]
	[1, 1, 1, 1, 1, 1, 1, 1, 1, 1, 1, 1, 1, 1, 1]
]

	
	